ASTAR: Stopping Powers and Range Tables for Alpha Particles

XENON                                                                   

Kinetic   Electron. Nuclear   Total     
Energy    Stp. Pow. Stp. Pow. Stp. Pow. 
MeV       MeV cm2/g MeV cm2/g MeV cm2/g 

1.000E-03 1.811E+01 1.029E+01 2.840E+01 
1.500E-03 2.330E+01 1.102E+01 3.432E+01 
2.000E-03 2.786E+01 1.143E+01 3.928E+01 
2.500E-03 3.199E+01 1.166E+01 4.365E+01 
3.000E-03 3.583E+01 1.178E+01 4.761E+01 
4.000E-03 4.284E+01 1.185E+01 5.469E+01 
5.000E-03 4.920E+01 1.179E+01 6.099E+01 
6.000E-03 5.510E+01 1.167E+01 6.677E+01 
7.000E-03 6.063E+01 1.152E+01 7.215E+01 
8.000E-03 6.587E+01 1.135E+01 7.722E+01 
9.000E-03 7.087E+01 1.117E+01 8.204E+01 
1.000E-02 7.565E+01 1.099E+01 8.664E+01 
1.250E-02 8.689E+01 1.055E+01 9.744E+01 
1.500E-02 9.730E+01 1.014E+01 1.074E+02 
1.750E-02 1.071E+02 9.754E+00 1.168E+02 
2.000E-02 1.163E+02 9.401E+00 1.257E+02 
2.250E-02 1.251E+02 9.076E+00 1.342E+02 
2.500E-02 1.335E+02 8.777E+00 1.423E+02 
2.750E-02 1.417E+02 8.500E+00 1.502E+02 
3.000E-02 1.495E+02 8.243E+00 1.577E+02 
3.500E-02 1.644E+02 7.781E+00 1.722E+02 
4.000E-02 1.786E+02 7.378E+00 1.860E+02 
4.500E-02 1.920E+02 7.021E+00 1.991E+02 
5.000E-02 2.049E+02 6.703E+00 2.116E+02 
5.500E-02 2.173E+02 6.417E+00 2.237E+02 
6.000E-02 2.292E+02 6.159E+00 2.353E+02 
6.500E-02 2.407E+02 5.925E+00 2.466E+02 
7.000E-02 2.518E+02 5.710E+00 2.575E+02 
7.500E-02 2.626E+02 5.513E+00 2.682E+02 
8.000E-02 2.731E+02 5.331E+00 2.785E+02 
8.500E-02 2.834E+02 5.163E+00 2.885E+02 
9.000E-02 2.933E+02 5.007E+00 2.983E+02 
9.500E-02 3.030E+02 4.861E+00 3.079E+02 
1.000E-01 3.125E+02 4.725E+00 3.172E+02 
1.250E-01 3.567E+02 4.158E+00 3.609E+02 
1.500E-01 3.965E+02 3.727E+00 4.002E+02 
1.750E-01 4.325E+02 3.386E+00 4.359E+02 
2.000E-01 4.652E+02 3.109E+00 4.683E+02 
2.250E-01 4.949E+02 2.879E+00 4.978E+02 
2.500E-01 5.218E+02 2.684E+00 5.245E+02 
2.750E-01 5.461E+02 2.517E+00 5.486E+02 
3.000E-01 5.679E+02 2.372E+00 5.703E+02 
3.500E-01 6.047E+02 2.130E+00 6.068E+02 
4.000E-01 6.332E+02 1.938E+00 6.352E+02 
4.500E-01 6.545E+02 1.781E+00 6.563E+02 
5.000E-01 6.693E+02 1.649E+00 6.710E+02 
5.500E-01 6.788E+02 1.538E+00 6.803E+02 
6.000E-01 6.836E+02 1.442E+00 6.850E+02 
6.500E-01 6.846E+02 1.358E+00 6.859E+02 
7.000E-01 6.825E+02 1.284E+00 6.838E+02 
7.500E-01 6.780E+02 1.219E+00 6.793E+02 
8.000E-01 6.717E+02 1.161E+00 6.728E+02 
8.500E-01 6.639E+02 1.108E+00 6.650E+02 
9.000E-01 6.551E+02 1.061E+00 6.561E+02 
9.500E-01 6.456E+02 1.017E+00 6.466E+02 
1.000E+00 6.356E+02 9.776E-01 6.366E+02 
1.250E+00 5.846E+02 8.212E-01 5.854E+02 
1.500E+00 5.387E+02 7.109E-01 5.394E+02 
1.750E+00 5.004E+02 6.285E-01 5.010E+02 
2.000E+00 4.688E+02 5.644E-01 4.694E+02 
2.250E+00 4.467E+02 5.131E-01 4.472E+02 
2.500E+00 4.305E+02 4.709E-01 4.309E+02 
2.750E+00 4.171E+02 4.356E-01 4.175E+02 
3.000E+00 4.053E+02 4.056E-01 4.057E+02 
3.500E+00 3.839E+02 3.571E-01 3.843E+02 
4.000E+00 3.640E+02 3.197E-01 3.643E+02 
4.500E+00 3.449E+02 2.898E-01 3.452E+02 
5.000E+00 3.268E+02 2.653E-01 3.270E+02 
5.500E+00 3.097E+02 2.449E-01 3.100E+02 
6.000E+00 2.946E+02 2.276E-01 2.948E+02 
6.500E+00 2.813E+02 2.128E-01 2.815E+02 
7.000E+00 2.695E+02 1.998E-01 2.697E+02 
7.500E+00 2.587E+02 1.885E-01 2.589E+02 
8.000E+00 2.488E+02 1.784E-01 2.489E+02 
8.500E+00 2.396E+02 1.695E-01 2.398E+02 
9.000E+00 2.311E+02 1.614E-01 2.313E+02 
9.500E+00 2.232E+02 1.541E-01 2.234E+02 
1.000E+01 2.162E+02 1.475E-01 2.164E+02 
1.250E+01 1.878E+02 1.218E-01 1.879E+02 
1.500E+01 1.672E+02 1.041E-01 1.673E+02 
1.750E+01 1.512E+02 9.110E-02 1.513E+02 
2.000E+01 1.385E+02 8.113E-02 1.386E+02 
2.500E+01 1.193E+02 6.680E-02 1.193E+02 
2.750E+01 1.119E+02 6.146E-02 1.119E+02 
3.000E+01 1.054E+02 5.695E-02 1.055E+02 
3.500E+01 9.474E+01 4.974E-02 9.479E+01 
4.000E+01 8.629E+01 4.422E-02 8.634E+01 
4.500E+01 7.943E+01 3.986E-02 7.947E+01 
5.000E+01 7.370E+01 3.631E-02 7.374E+01 
5.500E+01 6.886E+01 3.337E-02 6.889E+01 
6.000E+01 6.469E+01 3.089E-02 6.472E+01 
6.500E+01 6.107E+01 2.877E-02 6.110E+01 
7.000E+01 5.788E+01 2.693E-02 5.791E+01 
7.500E+01 5.506E+01 2.533E-02 5.508E+01 
8.000E+01 5.253E+01 2.391E-02 5.255E+01 
8.500E+01 5.025E+01 2.265E-02 5.028E+01 
9.000E+01 4.820E+01 2.152E-02 4.822E+01 
9.500E+01 4.632E+01 2.050E-02 4.634E+01 
1.000E+02 4.461E+01 1.958E-02 4.463E+01 
1.250E+02 3.785E+01 1.602E-02 3.786E+01 
1.500E+02 3.308E+01 1.359E-02 3.309E+01 
1.750E+02 2.951E+01 1.182E-02 2.953E+01 
2.000E+02 2.675E+01 1.047E-02 2.676E+01 
2.250E+02 2.453E+01 9.406E-03 2.454E+01 
2.500E+02 2.271E+01 8.542E-03 2.272E+01 
2.750E+02 2.119E+01 7.828E-03 2.120E+01 
3.000E+02 1.990E+01 7.228E-03 1.991E+01 
3.500E+02 1.782E+01 6.272E-03 1.783E+01 
4.000E+02 1.622E+01 5.544E-03 1.623E+01 
4.500E+02 1.495E+01 4.971E-03 1.495E+01 
5.000E+02 1.391E+01 4.507E-03 1.391E+01 
5.500E+02 1.305E+01 4.123E-03 1.305E+01 
6.000E+02 1.232E+01 3.800E-03 1.232E+01 
6.500E+02 1.170E+01 3.525E-03 1.170E+01 
7.000E+02 1.116E+01 3.288E-03 1.116E+01 
7.500E+02 1.069E+01 3.082E-03 1.069E+01 
8.000E+02 1.027E+01 2.900E-03 1.027E+01 
8.500E+02 9.901E+00 2.739E-03 9.904E+00 
9.000E+02 9.572E+00 2.595E-03 9.575E+00 
9.500E+02 9.276E+00 2.465E-03 9.278E+00 
1.000E+03 9.008E+00 2.348E-03 9.011E+00 
