ASTAR: Stopping Powers and Range Tables for Alpha Particles

SILVER                                                                  

Kinetic   Electron. Nuclear   Total     
Energy    Stp. Pow. Stp. Pow. Stp. Pow. 
MeV       MeV cm2/g MeV cm2/g MeV cm2/g 

1.000E-03 3.126E+01 1.386E+01 4.512E+01 
1.500E-03 3.813E+01 1.473E+01 5.287E+01 
2.000E-03 4.391E+01 1.518E+01 5.909E+01 
2.500E-03 4.898E+01 1.540E+01 6.438E+01 
3.000E-03 5.356E+01 1.550E+01 6.905E+01 
4.000E-03 6.166E+01 1.547E+01 7.714E+01 
5.000E-03 6.879E+01 1.531E+01 8.410E+01 
6.000E-03 7.521E+01 1.508E+01 9.029E+01 
7.000E-03 8.111E+01 1.482E+01 9.593E+01 
8.000E-03 8.660E+01 1.455E+01 1.011E+02 
9.000E-03 9.174E+01 1.427E+01 1.060E+02 
1.000E-02 9.660E+01 1.400E+01 1.106E+02 
1.250E-02 1.077E+02 1.336E+01 1.211E+02 
1.500E-02 1.178E+02 1.277E+01 1.306E+02 
1.750E-02 1.270E+02 1.223E+01 1.393E+02 
2.000E-02 1.356E+02 1.175E+01 1.474E+02 
2.250E-02 1.436E+02 1.131E+01 1.550E+02 
2.500E-02 1.512E+02 1.090E+01 1.621E+02 
2.750E-02 1.584E+02 1.053E+01 1.690E+02 
3.000E-02 1.653E+02 1.019E+01 1.755E+02 
3.500E-02 1.782E+02 9.577E+00 1.878E+02 
4.000E-02 1.902E+02 9.048E+00 1.993E+02 
4.500E-02 2.014E+02 8.584E+00 2.100E+02 
5.000E-02 2.120E+02 8.173E+00 2.202E+02 
5.500E-02 2.220E+02 7.806E+00 2.298E+02 
6.000E-02 2.316E+02 7.476E+00 2.391E+02 
6.500E-02 2.407E+02 7.177E+00 2.479E+02 
7.000E-02 2.495E+02 6.905E+00 2.564E+02 
7.500E-02 2.579E+02 6.656E+00 2.646E+02 
8.000E-02 2.660E+02 6.427E+00 2.724E+02 
8.500E-02 2.739E+02 6.215E+00 2.801E+02 
9.000E-02 2.814E+02 6.019E+00 2.875E+02 
9.500E-02 2.888E+02 5.837E+00 2.946E+02 
1.000E-01 2.959E+02 5.667E+00 3.016E+02 
1.250E-01 3.288E+02 4.964E+00 3.337E+02 
1.500E-01 3.578E+02 4.433E+00 3.622E+02 
1.750E-01 3.838E+02 4.017E+00 3.878E+02 
2.000E-01 4.074E+02 3.680E+00 4.111E+02 
2.250E-01 4.288E+02 3.401E+00 4.322E+02 
2.500E-01 4.484E+02 3.166E+00 4.516E+02 
2.750E-01 4.663E+02 2.964E+00 4.693E+02 
3.000E-01 4.828E+02 2.789E+00 4.856E+02 
3.500E-01 5.118E+02 2.500E+00 5.143E+02 
4.000E-01 5.362E+02 2.271E+00 5.385E+02 
4.500E-01 5.566E+02 2.084E+00 5.587E+02 
5.000E-01 5.735E+02 1.928E+00 5.754E+02 
5.500E-01 5.873E+02 1.795E+00 5.891E+02 
6.000E-01 5.984E+02 1.682E+00 6.001E+02 
6.500E-01 6.072E+02 1.583E+00 6.087E+02 
7.000E-01 6.138E+02 1.496E+00 6.153E+02 
7.500E-01 6.185E+02 1.419E+00 6.199E+02 
8.000E-01 6.216E+02 1.350E+00 6.230E+02 
8.500E-01 6.234E+02 1.288E+00 6.246E+02 
9.000E-01 6.238E+02 1.232E+00 6.251E+02 
9.500E-01 6.233E+02 1.181E+00 6.245E+02 
1.000E+00 6.218E+02 1.135E+00 6.230E+02 
1.250E+00 6.044E+02 9.518E-01 6.054E+02 
1.500E+00 5.787E+02 8.229E-01 5.795E+02 
1.750E+00 5.508E+02 7.268E-01 5.515E+02 
2.000E+00 5.233E+02 6.522E-01 5.240E+02 
2.250E+00 4.976E+02 5.924E-01 4.982E+02 
2.500E+00 4.744E+02 5.434E-01 4.749E+02 
2.750E+00 4.536E+02 5.024E-01 4.541E+02 
3.000E+00 4.350E+02 4.676E-01 4.354E+02 
3.500E+00 4.027E+02 4.114E-01 4.031E+02 
4.000E+00 3.759E+02 3.681E-01 3.763E+02 
4.500E+00 3.532E+02 3.335E-01 3.535E+02 
5.000E+00 3.336E+02 3.052E-01 3.339E+02 
5.500E+00 3.169E+02 2.816E-01 3.172E+02 
6.000E+00 3.020E+02 2.616E-01 3.023E+02 
6.500E+00 2.888E+02 2.445E-01 2.890E+02 
7.000E+00 2.769E+02 2.295E-01 2.771E+02 
7.500E+00 2.662E+02 2.165E-01 2.664E+02 
8.000E+00 2.565E+02 2.049E-01 2.567E+02 
8.500E+00 2.477E+02 1.945E-01 2.478E+02 
9.000E+00 2.395E+02 1.852E-01 2.397E+02 
9.500E+00 2.320E+02 1.768E-01 2.322E+02 
1.000E+01 2.251E+02 1.692E-01 2.253E+02 
1.250E+01 1.969E+02 1.397E-01 1.970E+02 
1.500E+01 1.760E+02 1.193E-01 1.761E+02 
1.750E+01 1.598E+02 1.043E-01 1.599E+02 
2.000E+01 1.467E+02 9.288E-02 1.468E+02 
2.500E+01 1.268E+02 7.642E-02 1.269E+02 
2.750E+01 1.190E+02 7.029E-02 1.191E+02 
3.000E+01 1.122E+02 6.512E-02 1.123E+02 
3.500E+01 1.010E+02 5.686E-02 1.011E+02 
4.000E+01 9.209E+01 5.053E-02 9.214E+01 
4.500E+01 8.478E+01 4.553E-02 8.483E+01 
5.000E+01 7.872E+01 4.147E-02 7.876E+01 
5.500E+01 7.355E+01 3.810E-02 7.359E+01 
6.000E+01 6.909E+01 3.526E-02 6.913E+01 
6.500E+01 6.522E+01 3.283E-02 6.525E+01 
7.000E+01 6.180E+01 3.073E-02 6.183E+01 
7.500E+01 5.877E+01 2.890E-02 5.880E+01 
8.000E+01 5.607E+01 2.727E-02 5.609E+01 
8.500E+01 5.363E+01 2.583E-02 5.365E+01 
9.000E+01 5.142E+01 2.454E-02 5.145E+01 
9.500E+01 4.941E+01 2.338E-02 4.944E+01 
1.000E+02 4.758E+01 2.232E-02 4.760E+01 
1.250E+02 4.033E+01 1.825E-02 4.035E+01 
1.500E+02 3.523E+01 1.548E-02 3.524E+01 
1.750E+02 3.143E+01 1.346E-02 3.144E+01 
2.000E+02 2.848E+01 1.191E-02 2.849E+01 
2.250E+02 2.611E+01 1.070E-02 2.613E+01 
2.500E+02 2.418E+01 9.711E-03 2.419E+01 
2.750E+02 2.256E+01 8.896E-03 2.257E+01 
3.000E+02 2.118E+01 8.211E-03 2.119E+01 
3.500E+02 1.897E+01 7.122E-03 1.898E+01 
4.000E+02 1.726E+01 6.292E-03 1.727E+01 
4.500E+02 1.590E+01 5.638E-03 1.591E+01 
5.000E+02 1.479E+01 5.108E-03 1.480E+01 
5.500E+02 1.387E+01 4.671E-03 1.388E+01 
6.000E+02 1.309E+01 4.305E-03 1.310E+01 
6.500E+02 1.243E+01 3.993E-03 1.243E+01 
7.000E+02 1.185E+01 3.724E-03 1.185E+01 
7.500E+02 1.135E+01 3.489E-03 1.135E+01 
8.000E+02 1.090E+01 3.282E-03 1.090E+01 
8.500E+02 1.051E+01 3.099E-03 1.051E+01 
9.000E+02 1.015E+01 2.934E-03 1.015E+01 
9.500E+02 9.834E+00 2.787E-03 9.837E+00 
1.000E+03 9.547E+00 2.653E-03 9.549E+00 
