ASTAR: Stopping Powers and Range Tables for Alpha Particles

KAPTON POLYIMIDE FILM                                                   

Kinetic   Electron. Nuclear   Total     
Energy    Stp. Pow. Stp. Pow. Stp. Pow. 
MeV       MeV cm2/g MeV cm2/g MeV cm2/g 

1.000E-03 1.655E+02 1.715E+02 3.370E+02 
1.500E-03 1.976E+02 1.580E+02 3.557E+02 
2.000E-03 2.242E+02 1.465E+02 3.707E+02 
2.500E-03 2.472E+02 1.368E+02 3.840E+02 
3.000E-03 2.678E+02 1.285E+02 3.963E+02 
4.000E-03 3.040E+02 1.150E+02 4.190E+02 
5.000E-03 3.354E+02 1.045E+02 4.399E+02 
6.000E-03 3.635E+02 9.611E+01 4.596E+02 
7.000E-03 3.891E+02 8.914E+01 4.783E+02 
8.000E-03 4.128E+02 8.327E+01 4.960E+02 
9.000E-03 4.348E+02 7.823E+01 5.131E+02 
1.000E-02 4.556E+02 7.385E+01 5.295E+02 
1.250E-02 5.029E+02 6.504E+01 5.680E+02 
1.500E-02 5.452E+02 5.834E+01 6.036E+02 
1.750E-02 5.838E+02 5.304E+01 6.368E+02 
2.000E-02 6.194E+02 4.873E+01 6.681E+02 
2.250E-02 6.526E+02 4.514E+01 6.977E+02 
2.500E-02 6.838E+02 4.210E+01 7.259E+02 
2.750E-02 7.133E+02 3.949E+01 7.527E+02 
3.000E-02 7.412E+02 3.722E+01 7.785E+02 
3.500E-02 7.935E+02 3.346E+01 8.270E+02 
4.000E-02 8.416E+02 3.045E+01 8.721E+02 
4.500E-02 8.863E+02 2.799E+01 9.143E+02 
5.000E-02 9.282E+02 2.593E+01 9.542E+02 
5.500E-02 9.677E+02 2.419E+01 9.919E+02 
6.000E-02 1.005E+03 2.268E+01 1.028E+03 
6.500E-02 1.041E+03 2.137E+01 1.062E+03 
7.000E-02 1.074E+03 2.021E+01 1.095E+03 
7.500E-02 1.107E+03 1.919E+01 1.126E+03 
8.000E-02 1.138E+03 1.827E+01 1.156E+03 
8.500E-02 1.167E+03 1.745E+01 1.185E+03 
9.000E-02 1.196E+03 1.670E+01 1.212E+03 
9.500E-02 1.223E+03 1.602E+01 1.239E+03 
1.000E-01 1.250E+03 1.540E+01 1.265E+03 
1.250E-01 1.369E+03 1.294E+01 1.382E+03 
1.500E-01 1.471E+03 1.121E+01 1.483E+03 
1.750E-01 1.560E+03 9.911E+00 1.570E+03 
2.000E-01 1.636E+03 8.903E+00 1.645E+03 
2.250E-01 1.703E+03 8.095E+00 1.711E+03 
2.500E-01 1.762E+03 7.430E+00 1.769E+03 
2.750E-01 1.812E+03 6.874E+00 1.819E+03 
3.000E-01 1.857E+03 6.401E+00 1.863E+03 
3.500E-01 1.928E+03 5.638E+00 1.934E+03 
4.000E-01 1.981E+03 5.048E+00 1.986E+03 
4.500E-01 2.018E+03 4.576E+00 2.022E+03 
5.000E-01 2.042E+03 4.191E+00 2.046E+03 
5.500E-01 2.056E+03 3.869E+00 2.060E+03 
6.000E-01 2.062E+03 3.596E+00 2.066E+03 
6.500E-01 2.061E+03 3.361E+00 2.064E+03 
7.000E-01 2.054E+03 3.157E+00 2.057E+03 
7.500E-01 2.043E+03 2.978E+00 2.046E+03 
8.000E-01 2.028E+03 2.820E+00 2.031E+03 
8.500E-01 2.010E+03 2.678E+00 2.013E+03 
9.000E-01 1.990E+03 2.551E+00 1.993E+03 
9.500E-01 1.969E+03 2.436E+00 1.971E+03 
1.000E+00 1.946E+03 2.332E+00 1.948E+03 
1.250E+00 1.819E+03 1.926E+00 1.821E+03 
1.500E+00 1.688E+03 1.646E+00 1.690E+03 
1.750E+00 1.565E+03 1.441E+00 1.566E+03 
2.000E+00 1.451E+03 1.283E+00 1.453E+03 
2.250E+00 1.350E+03 1.158E+00 1.351E+03 
2.500E+00 1.264E+03 1.057E+00 1.265E+03 
2.750E+00 1.190E+03 9.721E-01 1.191E+03 
3.000E+00 1.125E+03 9.009E-01 1.126E+03 
3.500E+00 1.017E+03 7.869E-01 1.018E+03 
4.000E+00 9.298E+02 6.997E-01 9.305E+02 
4.500E+00 8.583E+02 6.307E-01 8.589E+02 
5.000E+00 7.982E+02 5.746E-01 7.988E+02 
5.500E+00 7.470E+02 5.281E-01 7.476E+02 
6.000E+00 7.028E+02 4.889E-01 7.033E+02 
6.500E+00 6.640E+02 4.553E-01 6.645E+02 
7.000E+00 6.298E+02 4.263E-01 6.302E+02 
7.500E+00 5.993E+02 4.009E-01 5.997E+02 
8.000E+00 5.719E+02 3.784E-01 5.723E+02 
8.500E+00 5.472E+02 3.585E-01 5.476E+02 
9.000E+00 5.248E+02 3.406E-01 5.252E+02 
9.500E+00 5.044E+02 3.246E-01 5.047E+02 
1.000E+01 4.857E+02 3.100E-01 4.860E+02 
1.250E+01 4.112E+02 2.537E-01 4.115E+02 
1.500E+01 3.582E+02 2.152E-01 3.584E+02 
1.750E+01 3.182E+02 1.872E-01 3.184E+02 
2.000E+01 2.870E+02 1.658E-01 2.872E+02 
2.500E+01 2.411E+02 1.353E-01 2.412E+02 
2.750E+01 2.236E+02 1.240E-01 2.237E+02 
3.000E+01 2.087E+02 1.145E-01 2.088E+02 
3.500E+01 1.847E+02 9.935E-02 1.848E+02 
4.000E+01 1.660E+02 8.783E-02 1.660E+02 
4.500E+01 1.510E+02 7.876E-02 1.511E+02 
5.000E+01 1.387E+02 7.142E-02 1.388E+02 
5.500E+01 1.284E+02 6.534E-02 1.285E+02 
6.000E+01 1.197E+02 6.023E-02 1.198E+02 
6.500E+01 1.122E+02 5.588E-02 1.123E+02 
7.000E+01 1.057E+02 5.212E-02 1.057E+02 
7.500E+01 9.992E+01 4.885E-02 9.997E+01 
8.000E+01 9.482E+01 4.597E-02 9.487E+01 
8.500E+01 9.027E+01 4.341E-02 9.032E+01 
9.000E+01 8.619E+01 4.113E-02 8.623E+01 
9.500E+01 8.249E+01 3.908E-02 8.253E+01 
1.000E+02 7.913E+01 3.723E-02 7.917E+01 
1.250E+02 6.607E+01 3.009E-02 6.610E+01 
1.500E+02 5.704E+01 2.526E-02 5.707E+01 
1.750E+02 5.042E+01 2.177E-02 5.044E+01 
2.000E+02 4.534E+01 1.914E-02 4.536E+01 
2.250E+02 4.131E+01 1.708E-02 4.133E+01 
2.500E+02 3.804E+01 1.542E-02 3.805E+01 
2.750E+02 3.532E+01 1.405E-02 3.534E+01 
3.000E+02 3.303E+01 1.291E-02 3.304E+01 
3.500E+02 2.937E+01 1.109E-02 2.938E+01 
4.000E+02 2.658E+01 9.729E-03 2.659E+01 
4.500E+02 2.437E+01 8.666E-03 2.438E+01 
5.000E+02 2.259E+01 7.813E-03 2.259E+01 
5.500E+02 2.111E+01 7.110E-03 2.112E+01 
6.000E+02 1.987E+01 6.521E-03 1.987E+01 
6.500E+02 1.881E+01 6.023E-03 1.881E+01 
7.000E+02 1.790E+01 5.596E-03 1.790E+01 
7.500E+02 1.710E+01 5.226E-03 1.710E+01 
8.000E+02 1.640E+01 4.902E-03 1.641E+01 
8.500E+02 1.578E+01 4.615E-03 1.579E+01 
9.000E+02 1.523E+01 4.361E-03 1.523E+01 
9.500E+02 1.473E+01 4.132E-03 1.474E+01 
1.000E+03 1.428E+01 3.927E-03 1.429E+01 
